version https://git-lfs.github.com/spec/v1
oid sha256:d4a75f8b8b53b828f22b43911f1f9aad745b67da1f7d0b9f93b768c545746b6f
size 53469
